0A
FE
60
01
01
00
00
19
00
70
FF
83
FF
83
00
03
02
13
00
00
02
10
00
00
03
20
11
20
80
10
09
20
00
00
00
00
00
00
00
00
00
00
00
00
00
00
80
10
00
00
00
00
00
00
00
00
00
00
00
00
00
00
80
10
00
00
00
00
00
00
00
00
00
00
00
00
00
00
80
10
00
00
00
00
00
00
00
00
00
00
00
00
00
00
80
10
00
00
00
00
00
00
00
00
00
00
00
00
00
00
80
10
00
00
00
00
00
00
00
00
00
00
00
00
00
00
80
10
00
00
00
00
00
00
00
00
00
00
0A
FE
60
01
01
01
00
19
00
70
FF
83
FF
83
00
03
02
13
00
00
02
10
00
00
03
20
11
20
80
10
09
20
00
00
00
00
00
00
00
00
00
00
00
00
00
00
80
10
00
00
00
00
00
00
00
00
00
00
00
00
00
00
80
10
00
00
00
00
00
00
00
00
00
00
00
00
00
00
80
10
00
00
00
00
00
00
00
00
00
00
00
00
00
00
80
10
00
00
00
00
00
00
00
00
00
00
00
00
00
00
80
10
00
00
00
00
00
00
00
00
00
00
00
00
00
00
80
10
00
00
00
00
00
00
00
00
00
00
