09
FE
60
01
01
00
00
08
00
70
FF
80
FF
80
00
00
02
14
00
00
02
13
00
00
03
20
11
20
80
10
09
20
00
00
00
00
00
00
00
00
00
00
00
00
00
00
80
10
00
00
00
00
00
00
00
00
00
00
00
00
00
00
80
10
00
00
00
00
00
00
00
00
00
00
00
00
00
00
80
10
00
00
00
00
00
00
00
00
00
00
00
00
00
00
80
10
00
00
00
00
00
00
00
00
00
00
00
00
00
00
80
10
00
00
00
00
00
00
00
00
00
00
00
00
00
00
80
10
00
00
00
00
00
00
00
00
00
00
09
FE
60
01
01
01
00
18
00
40
FF
80
FF
80
00
00
02
10
00
00
02
10
00
00
03
20
11
20
80
10
09
20
00
00
00
00
00
00
00
00
00
00
00
00
00
00
80
10
00
00
00
00
00
00
00
00
00
00
00
00
00
00
80
10
00
00
00
00
00
00
00
00
00
00
00
00
00
00
80
10
00
00
00
00
00
00
00
00
00
00
00
00
00
00
80
10
00
00
00
00
00
00
00
00
00
00
00
00
00
00
80
10
00
00
00
00
00
00
00
00
00
00
00
00
00
00
80
10
00
00
00
00
00
00
00
00
00
00
09
FE
60
01
01
02
00
18
00
40
00
03
00
03
00
03
00
03
00
00
02
10
00
00
03
20
11
20
80
10
09
20
00
00
00
00
00
00
00
00
00
00
00
00
00
00
80
10
00
00
00
00
00
00
00
00
00
00
00
00
00
00
80
10
00
00
00
00
00
00
00
00
00
00
00
00
00
00
80
10
00
00
00
00
00
00
00
00
00
00
00
00
00
00
80
10
00
00
00
00
00
00
00
00
00
00
00
00
00
00
80
10
00
00
00
00
00
00
00
00
00
00
00
00
00
00
80
10
00
00
00
00
00
00
00
00
00
00
