0B
FE
60
01
01
00
00
08
00
40
00
00
00
00
00
00
02
14
00
00
02
10
00
00
04
13
11
20
80
10
09
20
00
00
00
00
00
00
00
00
00
00
00
00
00
00
80
10
00
00
00
00
00
00
00
00
00
00
00
00
00
00
80
10
00
00
00
00
00
00
00
00
00
00
00
00
00
00
80
10
00
00
00
00
00
00
00
00
00
00
00
00
00
00
80
10
00
00
00
00
00
00
00
00
00
00
00
00
00
00
80
10
00
00
00
00
00
00
00
00
00
00
00
00
00
00
80
10
00
00
00
00
00
00
00
00
00
00
0B
FE
60
01
01
01
00
08
00
60
00
00
00
00
00
00
02
14
00
00
02
10
00
00
04
13
11
20
80
10
09
20
00
00
00
00
00
00
00
00
00
00
00
00
00
00
80
10
00
00
00
00
00
00
00
00
00
00
00
00
00
00
80
10
00
00
00
00
00
00
00
00
00
00
00
00
00
00
80
10
00
00
00
00
00
00
00
00
00
00
00
00
00
00
80
10
00
00
00
00
00
00
00
00
00
00
00
00
00
00
80
10
00
00
00
00
00
00
00
00
00
00
00
00
00
00
80
10
00
00
00
00
00
00
00
00
00
00
0B
FE
60
01
01
02
00
18
00
60
00
00
00
00
00
00
02
10
00
00
02
10
00
00
04
10
11
20
80
10
09
20
00
00
00
00
00
00
00
00
00
00
00
00
00
00
80
10
00
00
00
00
00
00
00
00
00
00
00
00
00
00
80
10
00
00
00
00
00
00
00
00
00
00
00
00
00
00
80
10
00
00
00
00
00
00
00
00
00
00
00
00
00
00
80
10
00
00
00
00
00
00
00
00
00
00
00
00
00
00
80
10
00
00
00
00
00
00
00
00
00
00
00
00
00
00
80
10
00
00
00
00
00
00
00
00
00
00
