0
FE
60
2
1
9
0
4
0
10
3
0
0
0
0
0
0
0
1
0
0
0
0
9
0
0
1
0
0
0
0
9
0
0
0
0
0
0
0
0
0
0
26
1
0
0
40
4
0
0
96
0
0
0
6A
5
0
0
0
0
0
0
4
6
0
0
0
0
0
0
0
0
0
0
0
3
23
2
0
63
4
3
23
6
0
63
8
3
23
A
0
63
C
3
23
E
0
63
10
3
23
12
0
63
14
3
23
16
0
63
18
3
23
1A
0
63
1C
3
23
1E
0
63
20
3
23
22
0
63
24
3
23
26
0
63
28
3
23
2A
0
FE
60
2
1
A
80
4
0
10
0
63
2C
3
23
2E
0
63
30
3
23
32
0
63
34
3
23
36
0
63
38
3
23
3A
0
63
3C
3
23
3E
0
63
40
3
21
42
0
61
42
3
21
44
0
61
44
3
21
46
0
61
46
3
21
48
0
61
48
3
21
4A
0
61
4A
3
21
4C
0
61
4C
3
21
4E
0
61
4E
3
21
50
0
61
50
3
21
52
0
61
52
3
21
54
0
61
54
3
21
56
0
61
56
3
21
58
0
61
58
3
21
5A
0
61
5A
3
21
5C
0
61
5C
3
21
5E
0
61
5E
3
21
60
0
61
0
FE
60
2
1
B
0
5
0
10
60
3
21
62
0
61
62
3
21
64
0
61
64
3
21
66
0
61
66
3
21
68
0
61
68
3
21
6A
0
61
6A
3
21
6C
0
61
6C
3
21
6E
0
61
6E
3
21
70
0
61
70
3
21
72
0
61
72
3
21
74
0
61
74
3
21
76
0
61
76
3
21
78
0
61
78
3
21
7A
0
61
7A
3
21
7C
0
61
7C
3
21
7E
0
61
7E
3
21
80
0
61
80
1
21
82
0
61
0
0
0
0
8A
0
71
20
3
31
8C
0
71
22
3
31
8E
0
71
24
3
31
90
0
71
26
0
FE
60
2
1
C
80
5
0
10
3
31
92
0
71
28
3
31
94
0
71
2A
3
31
96
0
71
2C
3
31
98
0
71
2E
3
31
9A
0
70
30
3
30
9B
0
70
31
3
30
9C
0
70
32
3
30
9D
0
70
33
3
30
9E
0
70
34
3
30
9F
0
70
35
3
30
A0
0
70
36
3
30
A1
0
70
37
3
30
A2
0
70
38
3
30
A3
0
70
39
3
30
A4
0
70
3A
3
30
A5
0
70
3B
3
30
A6
0
70
3C
3
30
A7
0
70
3D
3
30
A8
0
70
3E
3
30
A9
0
70
3F
3
30
AA
0
71
80
65
31
0
FE
60
2
1
D
0
6
0
10
0
0
0
0
0
0
0
0
0
0
0
0
0
0
0
0
0
0
0
0
0
0
0
0
0
0
0
0
0
0
0
0
0
0
0
0
0
0
0
0
0
0
0
0
0
0
0
0
0
0
0
0
0
0
0
0
0
0
0
0
0
0
0
0
0
0
0
0
0
0
0
0
0
0
0
0
0
0
0
0
0
0
0
0
0
0
0
0
0
0
0
0
0
0
0
0
0
0
0
0
0
0
0
0
0
0
0
0
0
0
0
0
0
0
0
0
0
0
0
0
0
0
0
0
0
0
0
0