0
FE
60
2
1
9
0
4
0
10
2
0
0
0
0
0
0
0
1
0
0
0
EC
8
0
0
1
0
0
0
38
9
0
0
0
0
0
0
0
0
0
0
8
1
0
0
40
4
0
0
90
0
0
0
4C
5
0
0
0
0
0
0
E0
5
0
0
0
0
0
0
0
0
0
0
0
3
3
2
0
63
4
3
3
6
0
63
8
3
3
A
0
63
C
3
3
E
0
63
10
3
3
12
0
63
14
3
3
16
0
63
18
3
3
1A
0
63
1C
3
3
1E
0
63
20
3
3
22
0
63
24
3
3
26
0
63
28
3
3
2A
0
FE
60
2
1
A
80
4
0
10
0
63
2C
3
3
2E
0
63
40
3
1
32
0
61
42
3
1
34
0
61
44
3
1
36
0
61
46
3
1
38
0
61
48
3
1
3A
0
61
4A
3
1
3C
0
61
4C
3
1
3E
0
61
4E
3
1
40
0
61
50
3
1
42
0
61
52
3
1
44
0
61
54
3
1
46
0
61
56
3
1
48
0
61
58
3
1
4A
0
61
5A
3
1
4C
0
61
5C
3
1
4E
0
61
5E
3
1
50
0
61
60
3
1
52
0
61
62
3
1
54
0
61
64
3
1
56
0
61
66
3
1
58
0
61
0
FE
60
2
1
B
0
5
0
10
68
3
1
5A
0
61
6A
3
1
5C
0
61
6C
3
1
5E
0
61
6E
3
1
60
0
61
70
3
1
62
0
61
72
3
1
64
0
61
74
3
1
66
0
61
76
3
1
68
0
61
78
3
1
6A
0
61
7A
3
1
6C
0
61
7C
3
1
6E
0
61
7E
3
1
70
0
61
0
0
0
0
78
0
71
20
3
11
7A
0
71
22
3
11
7C
0
71
24
3
11
7E
0
71
26
3
11
80
0
71
28
3
11
82
0
71
2A
3
11
84
0
71
2C
3
11
86
0
71
2E
3
11
88
0
70
30
0
FE
60
2
1
C
80
5
0
10
3
10
89
0
70
31
3
10
8A
0
70
32
3
10
8B
0
70
33
3
10
8C
0
70
34
3
10
8D
0
70
35
3
10
8E
0
70
36
3
10
8F
0
70
37
3
10
90
0
70
38
3
10
91
0
70
39
3
10
92
0
70
3A
3
10
93
0
70
3B
3
10
94
0
70
3C
3
10
95
0
70
3D
3
10
96
0
70
3E
3
10
97
0
70
3F
3
10
0
0
0
0
0
0
0
0
0
0
0
0
0
0
0
0
0
0
0
0
0
0
0
0
0
0
0
0
0
0
0
0
0
0
0
0
0
FE
60
2
1
D
0
6
0
10
0
0
0
0
0
0
0
0
0
0
0
0
0
0
0
0
0
0
0
0
0
0
0
0
0
0
0
0
0
0
0
0
0
0
0
0
0
0
0
0
0
0
0
0
0
0
0
0
0
0
0
0
0
0
0
0
0
0
0
0
0
0
0
0
0
0
0
0
0
0
0
0
0
0
0
0
0
0
0
0
0
0
0
0
0
0
0
0
0
0
0
0
0
0
0
0
0
0
0
0
0
0
0
0
0
0
0
0
0
0
0
0
0
0
0
0
0
0
0
0
0
0
0
0
0
0
0
0
0
FE
60
2
1
E
80
6
0
10
0
0
0
0
0
0
0
0
0
0
0
0
0
0
0
0
0
0
0
0
0
0
0
0
0
0
0
0
0
0
0
0
0
0
0
0
0
0
0
0
0
0
0
0
0
0
0
0
0
0
0
0
0
0
0
0
0
0
0
0
0
0
0
0
0
0
0
0
0
0
0
0
0
0
0
0
0
0
0
0
0
0
0
0
0
0
0
0
0
0
0
0
0
0
0
0
0
0
0
0
0
0
0
0
0
0
0
0
0
0
0
0
0
0
0
0
0
0
0
0
0
0
0
0
0
0
0
0
0
FE
60
2
1
F
0
7
0
10
0
0
0
0
0
0
0
0
0
0
0
0
0
0
0
0
0
0
0
0
0
0
0
0
0
0
0
0
0
0
0
0
0
0
0
0
0
0
0
0
0
0
0
0
0
0
0
0
0
0
0
0
0
0
0
0
0
0
0
0
0
0
0
0
0
0
0
0
0
0
0
0
0
0
0
0
0
0
0
0
0
0
0
0
0
0
0
0
0
0
0
0
0
0
0
0
0
0
0
0
0
0
0
0
0
0
0
0
0
0
0
0
0
0
0
0
0
0
0
0
0
0
0
0
0
0
0
0
0
FE
60
2
1
10
80
7
0
10
0
0
0
0
0
0
0
0
0
0
0
0
0
0
0
0
0
0
0
0
0
0
0
0
0
0
0
0
0
0
0
0
0
0
0
0
0
0
0
0
0
0
0
0
0
0
0
0
0
0
0
0
0
0
0
0
0
0
0
0
0
0
0
0
0
0
0
0
0
0
0
0
0
0
0
0
0
0
0
0
0
0
0
0
0
0
0
0
0
0
0
0
0
0
0
0
0
0
0
0
0
0
0
0
0
0
0
0
0
0
0
0
0
0
0
0
0
0
0
0
0
0
0
0
0
0
0
0
