08
FE
60
01
01
00
00
08
00
50
00
00
02
10
00
00
01
10
00
00
00
00
00
00
03
20
11
20
80
10
09
20
00
00
00
00
00
00
00
00
00
00
00
00
00
00
80
10
00
00
00
00
00
00
00
00
00
00
00
00
00
00
80
10
00
00
00
00
00
00
00
00
00
00
00
00
00
00
80
10
00
00
00
00
00
00
00
00
00
00
00
00
00
00
80
10
00
00
00
00
00
00
00
00
00
00
00
00
00
00
80
10
00
00
00
00
00
00
00
00
00
00
00
00
00
00
80
10
00
00
00
00
00
00
00
00
00
00
08
FE
60
01
01
01
00
19
00
50
00
00
02
10
00
00
01
10
00
00
00
00
00
00
03
20
11
20
80
10
09
20
00
00
00
00
00
00
00
00
00
00
00
00
00
00
80
10
00
00
00
00
00
00
00
00
00
00
00
00
00
00
80
10
00
00
00
00
00
00
00
00
00
00
00
00
00
00
80
10
00
00
00
00
00
00
00
00
00
00
00
00
00
00
80
10
00
00
00
00
00
00
00
00
00
00
00
00
00
00
80
10
00
00
00
00
00
00
00
00
00
00
00
00
00
00
80
10
00
00
00
00
00
00
00
00
00
00
08
FE
60
01
01
02
00
08
00
50
00
00
02
10
00
00
02
14
00
00
02
13
00
00
03
20
11
20
80
10
09
20
00
00
00
00
00
00
00
00
00
00
00
00
00
00
80
10
00
00
00
00
00
00
00
00
00
00
00
00
00
00
80
10
00
00
00
00
00
00
00
00
00
00
00
00
00
00
80
10
00
00
00
00
00
00
00
00
00
00
00
00
00
00
80
10
00
00
00
00
00
00
00
00
00
00
00
00
00
00
80
10
00
00
00
00
00
00
00
00
00
00
00
00
00
00
80
10
00
00
00
00
00
00
00
00
00
00
