00
FE
60
01
01
00
80
08
00
10
00
02
AA
42
05
23
00
00
00
00
00
00
00
00
00
00
00
00
00
00
00
00
01
10
00
00
02
10
00
00
03
20
00
00
04
10
00
00
05
20
00
00
06
20
00
00
07
30
00
00
08
10
00
00
01
10
00
00
01
10
00
00
01
10
00
00
01
10
00
00
01
10
00
00
01
10
00
00
01
10
00
00
01
10
02
10
00
00
00
00
00
00
00
00
00
00
00
00
00
00
04
14
00
00
00
00
00
00
00
00
00
00
00
00
00
00
00
00
00
00
00
00
00
00
00
00
00
00
00
FE
60
01
01
01
80
08
00
10
00
02
AA
42
05
23
00
00
00
00
00
00
00
00
00
00
00
00
00
00
00
00
01
10
00
00
02
10
00
00
03
20
00
00
04
10
00
00
05
20
00
00
06
20
00
00
07
30
00
00
08
10
00
00
01
10
00
00
01
10
00
00
01
10
00
00
01
10
00
00
01
10
00
00
01
10
00
00
01
10
00
00
01
10
02
10
00
00
00
00
00
00
00
00
00
00
00
00
00
00
04
14
00
00
00
00
00
00
00
00
00
00
00
00
00
00
00
00
00
00
00
00
00
00
00
00
00
00
