00
FE
60
02
05
00
00
04
00
10
00
00
00
00
01
10
00
00
00
00
00
00
02
10
00
00
00
00
00
00
03
20
00
00
00
00
00
00
04
10
00
00
00
00
00
00
05
20
00
00
00
00
00
00
06
20
00
00
00
00
00
00
07
30
00
00
00
00
00
00
08
10
00
00
00
00
00
00
01
10
00
00
01
10
00
00
01
10
00
00
01
10
00
00
01
10
00
00
01
10
00
00
01
10
00
00
01
10
00
00
01
10
00
00
01
10
00
00
01
10
00
00
01
10
00
00
01
10
00
00
01
10
00
00
01
10
00
00
00
FE
60
02
05
01
00
04
00
10
00
00
00
00
01
10
00
00
00
00
00
00
02
10
00
00
00
00
00
00
03
20
00
00
00
00
00
00
04
10
00
00
00
00
00
00
05
20
00
00
00
00
00
00
06
20
00
00
00
00
00
00
07
30
00
00
00
00
00
00
08
10
00
00
00
00
00
00
01
10
00
00
01
10
00
00
01
10
00
00
01
10
00
00
01
10
00
00
01
10
00
00
01
10
00
00
01
10
00
00
01
10
00
00
01
10
00
00
01
10
00
00
01
10
00
00
01
10
00
00
01
10
00
00
01
10
00
00
